333333
123
xxxxxxx
3.00
4.00
7.00
2.00
5.00
1.00
7.00
4
5
7
2
8
4
5

222222
777777
alllllllllllllll
1.00
2.00
3.00
4.00
5.00
6.00
7.00
7
6
5
4
3
2
1

1111
77777
qqqqq
1.00
2.00
3.00
4.00
5.00
6.00
7.00
7
6
5
4
3
2
1

333333
123
xxxxxxx
3.00
4.00
7.00
2.00
5.00
1.00
7.00
4
5
7
2
8
4
5

222222
777777
alllllllllllllll
1.00
2.00
3.00
4.00
5.00
6.00
7.00
7
6
5
4
3
2
1

1111
77777
qqqqq
1.00
2.00
3.00
4.00
5.00
6.00
7.00
7
6
5
4
3
2
1

99999
3333
outro
0.00
0.00
0.00
0.00
0.00
0.00
0.00
5
3
7
9
2
4
6

